LM0= -0.0324376
WordPenalty0= 0.192807
PhrasePenalty0= 0.0950382
TranslationModel0= 0.138136
TranslationModel0= -0.266439
TranslationModel0= 0.0386169
TranslationModel0= 0.12159
TranslationModel1= 0.114936
