LM0= 0.0613496
WordPenalty0= 0.0786493
PhrasePenalty0= 0.276936
TranslationModel0= 0.0875829
TranslationModel0= 0.254183
TranslationModel0= -0.0937525
TranslationModel0= 0.0860659
TranslationModel1= 0.0614808
