LM0= 0.118741
WordPenalty0= 0.0369675
PhrasePenalty0= 0.217563
TranslationModel0= -0.151415
TranslationModel0= 0.15019
TranslationModel0= 0.0344176
TranslationModel0= 0.144319
TranslationModel1= 0.146386
