LM0= 0.0622676
WordPenalty0= 0.0798261
PhrasePenalty0= 0.28108
TranslationModel0= 0.0888934
TranslationModel0= 0.257986
TranslationModel0= -0.0801922
TranslationModel0= 0.0873537
TranslationModel1= 0.0624007
