LM0= 0.0917771
WordPenalty0= 0.0285729
PhrasePenalty0= 0.395241
TranslationModel0= -0.117031
TranslationModel0= 0.116085
TranslationModel0= 0.026602
TranslationModel0= 0.111547
TranslationModel1= 0.113144
