LexicalReordering0= 0.030242
LexicalReordering0= 0.01417
LexicalReordering0= 0.00474838
LexicalReordering0= -0.791119
LexicalReordering0= 0.0229351
LexicalReordering0= 0.0126204
Distortion0= 0.0160308
LM0= 0.0295526
WordPenalty0= 0.0133585
PhrasePenalty0= 0.032576
TranslationModel0= 0.0109651
TranslationModel0= 0.00166967
TranslationModel0= 0.0147672
TranslationModel0= 0.00524506
