LexicalReordering0= -0.150796
LexicalReordering0= 0.145179
LexicalReordering0= 0.122084
LexicalReordering0= 0.0126515
LexicalReordering0= 0.0389417
LexicalReordering0= 0.074944
Distortion0= 0.0028006
LM0= 0.0211388
WordPenalty0= 0.0189283
PhrasePenalty0= 0.119682
TranslationModel0= 0.0742741
TranslationModel0= 0.0854213
TranslationModel0= 0.102729
TranslationModel0= 0.0304303
