LexicalReordering0= 0.0652174
LexicalReordering0= 0.0652174
LexicalReordering0= 0.0652174
LexicalReordering0= 0.0652174
LexicalReordering0= 0.0652174
LexicalReordering0= 0.0652174
Distortion0= 0.0652174
LM0= 0.108696
WordPenalty0= -0.217391
PhrasePenalty0= 0.0434783
TranslationModel0= 0.0434783
TranslationModel0= 0.0434783
TranslationModel0= 0.0434783
TranslationModel0= 0.0434783
