LexicalReordering0= 0.0219314
LexicalReordering0= 0.0401008
LexicalReordering0= 0.130125
LexicalReordering0= 0.0546082
LexicalReordering0= 0.0172523
LexicalReordering0= 0.293893
Distortion0= 0.00260072
LM0= 0.0109183
WordPenalty0= 0.00572853
PhrasePenalty0= 0.091175
TranslationModel0= 0.0935586
TranslationModel0= 0.0288858
TranslationModel0= 0.153425
TranslationModel0= 0.0557977
