LexicalReordering0= 0.0152994
LexicalReordering0= 0.0403727
LexicalReordering0= 0.131007
LexicalReordering0= 0.0549785
LexicalReordering0= 0.0173693
LexicalReordering0= 0.295886
Distortion0= 0.00261835
LM0= 0.0109923
WordPenalty0= 0.00576737
PhrasePenalty0= 0.0917932
TranslationModel0= 0.094193
TranslationModel0= 0.0290817
TranslationModel0= 0.154465
TranslationModel0= 0.056176
