LexicalReordering0= 0.0189408
LexicalReordering0= 0.0410712
LexicalReordering0= 0.00934342
LexicalReordering0= -0.658079
LexicalReordering0= 0.0151446
LexicalReordering0= 0.0543263
Distortion0= 0.00773548
LM0= 0.00672969
WordPenalty0= 0.0247442
PhrasePenalty0= 0.00814191
TranslationModel0= 0.0482556
TranslationModel0= 0.0467421
TranslationModel0= 0.0155178
TranslationModel0= 0.0452276
